Board 5
==================================================

 4 10 22 21 17 13 25  2  8 24 15 12 16  1  7  3 20  5 18 11  6  9 23 14 19
11 20  5  3 18  7 12  1 16 15  9 23 14  6 19  8 13 24 25  2  4 22 17 21 10
 6 19  9 14 23 20 18 11  3  5 24 25  8  2 13 21 10 22 17  4  1 15 12 16  7
 2 13 24  8 25 19 23  6 14  9 22 17 21  4 10 16  7 15 12  1 11  5 18  3 20
 1  7 15 16 12 10 17  4 21 22  5 18  3 11 20 14 19  9 23  6  2 24 25  8 13
21 22 12  7  1 24  4  8 10 17 18 11 20 16 15 19  5 23  6  3 14 25  2 13  9
16 15 18 20 11 22  1 21  7 12 23  6 19  3  5 13  9 25  2 14  8 17  4 10 24
14  9 25 13  2  5  6  3 19 23 17  4 10  8 24  7 22 12  1 21 16 18 11 20 15
 8 24 17 10  4  9  2 14 13 25 12  1  7 21 22 20 15 18 11 16  3 23  6 19  5
 3  5 23 19  6 15 11 16 20 18 25  2 13 14  9 10 24 17  4  8 21 12  1  7 22
18  3 19  6  5 16 15 12 11 20 13  9  2 23 14  4  8 10 24 25 17  7 22  1 21
12 16 20 11 15 21 22 17  1  7 19  5  6 18  3  2 14 13  9 23 25 10 24  4  8
25  8 10  4 24 14  9 23  2 13  7 22  1 17 21 11 16 20 15 12 18 19  5  6  3
23 14 13  2  9  3  5 18  6 19 10 24  4 25  8  1 21  7 22 17 12 20 15 11 16
17 21  7  1 22  8 24 25  4 10 20 15 11 12 16  6  3 19  5 18 23 13  9  2 14
 7 12 11 15 16 17 21 10 22  1  6  3  5 20 18  9 23  2 14 19 13  4  8 24 25
20 18  6  5  3 12 16  7 15 11  2 14  9 19 23 24 25  4  8 13 10  1 21 22 17
13 25  4 24  8 23 14 19  9  2  1 21 22 10 17 15 12 11 16  7 20  6  3  5 18
10 17  1 22 21 25  8 13 24  4 11 16 15  7 12  5 18  6  3 20 19  2 14  9 23
19 23  2  9 14 18  3 20  5  6  4  8 24 13 25 22 17  1 21 10  7 11 16 15 12
22  1 16 12  7  4 10 24 17 21  3 20 18 15 11 23  6 14 19  5  9  8 13 25  2
 9  2  8 25 13  6 19  5 23 14 21 10 17 24  4 12  1 16  7 22 15  3 20 18 11
 5  6 14 23 19 11 20 15 18  3  8 13 25  9  2 17  4 21 10 24 22 16  7 12  1
24  4 21 17 10  2 13  9 25  8 16  7 12 22  1 18 11  3 20 15  5 14 19 23  6
15 11  3 18 20  1  7 22 12 16 14 19 23  5  6 25  2  8 13  9 24 21 10 17  4
