Board 3
==================================================

 4  5 10 23  9 24 12 17  1 11 18 25  7 14 21 19 16 20  2  8 15  3 22  6 13
 6 22  3 15 13  5  9 10  4 23 11 17 24  1 12 25 18 14 21  7 16 19  8 20  2
14  7 25 18 21  8  2 19 20 16 15  3 22  6 13 10 23  4  9  5 11 17 24  1 12
 1 24 17 11 12  7 21 25 14 18 16 19  8 20  2  3 15  6 13 22 23 10  5  4  9
20  8 19 16  2 22 13  3  6 15 23 10  5  4  9 17 11  1 12 24 18 25  7 14 21
15 10  6 13 22 17  5  4 23  9 12  1 25 11 24 14 21 18  7 19  2 20  3 16  8
23 17  4  9  5 25 24  1 11 12 21 14 19 18  7 20  2 16  8  3 13  6 10 15 22
18 19 14 21  7  3  8 20 16  2 13  6 10 15 22  4  9 23  5 17 12  1 25 11 24
11 25  1 12 24 19  7 14 18 21  2 20  3 16  8  6 13 15 22 10  9  4 17 23  5
16  3 20  2  8 10 22  6 15 13  9  4 17 23  5  1 12 11 24 25 21 14 19 18  7
 9  1 23  5 17 14 25 11 12 24  7 18 20 21 19 16  8  2  3  6 22 15  4 13 10
21 20 18  7 19  6  3 16  2  8 22 15  4 13 10 23  5  9 17  1 24 11 14 12 25
13  4 15 22 10  1 17 23  9  5 24 11 14 12 25 18  7 21 19 20  8 16  6  2  3
12 14 11 24 25 20 19 18 21  7  8 16  6  2  3 15 22 13 10  4  5 23  1  9 17
 2  6 16  8  3  4 10 15 13 22  5 23  1  9 17 11 24 12 25 14  7 18 20 21 19
17 12  5  1 11 21 18 24 25 14 20  7  2 19 16  8  6  3 15 13  4 22  9 10 23
 3 13  8  6 15  9 23 22 10  4  1  5 12 17 11 24 14 25 18 21 20  7  2 19 16
19  2  7 20 16 13 15  8  3  6  4 22  9 10 23  5  1 17 11 12 14 24 21 25 18
25 21 24 14 18  2 16  7 19 20  6  8 13  3 15 22  4 10 23  9  1  5 12 17 11
10  9 22  4 23 12 11  5 17  1 14 24 21 25 18  7 20 19 16  2  6  8 13  3 15
 8 15  2  3  6 23  4 13 22 10 17  9 11  5  1 12 25 24 14 18 19 21 16  7 20
 7 16 21 19 20 15  6  2  8  3 10 13 23 22  4  9 17  5  1 11 25 12 18 24 14
24 18 12 25 14 16 20 21  7 19  3  2 15  8  6 13 10 22  4 23 17  9 11  5  1
22 23 13 10  4 11  1  9  5 17 25 12 18 24 14 21 19  7 20 16  3  2 15  8  6
 5 11  9 17  1 18 14 12 24 25 19 21 16  7 20  2  3  8  6 15 10 13 23 22  4
