Board 4
==================================================

 5 12 20 16  6 24  2 15 11 23 25 19  3  4 10 21  9 13  7 22 17  8 18  1 14
17 14  1 18  8 21 13 22  9  7 20 16  5  6 12 25  4 19  3 10 23 11  2 24 15
 3 10 25 19  4  1 18 14  8 17 21 13  7  9 22 24 11  2 23 15  5  6 16 20 12
23 15 24  2 11 25 19 10  4  3  1 18 17  8 14 20  6 16  5 12  7  9 13 21 22
 7 22 21 13  9 20 16 12  6  5 24  2 23 11 15  1  8 18 17 14  3  4 19 25 10
 4  1 19 17 14 18  7 21 22  8 13  5  9 12 20  2 10  3 11 25  6 15 23 16 24
 8 21 18  7 22 13  5 20 12  9 16 23  6 15 24 19 14 17  4  1 11 10  3  2 25
 9 20 13  5 12 16 23 24 15  6  2  3 11 10 25 18 22  7  8 21  4 14 17 19  1
11 25  2  3 10 19 17  1 14  4 18  7  8 22 21 16 15 23  6 24  9 12  5 13 20
 6 24 16 23 15  2  3 25 10 11 19 17  4 14  1 13 12  5  9 20  8 22  7 18 21
19  4 10  1 17 14 21  8  7 18 22 20 13  5  9 15  3 25  2 11 16 23 24 12  6
 2 11 15 25  3 10  1  4 17 19 14 21 18  7  8 12 23 24 16  6 13  5 20 22  9
16  6 12 24 23 15 25 11  3  2 10  1 19 17  4 22  5 20 13  9 18  7 21 14  8
13  9 22 20  5 12 24  6 23 16 15 25  2  3 11 14  7 21 18  8 19 17  1 10  4
18  8 14 21  7 22 20  9  5 13 12 24 16 23  6 10 17  1 19  4  2  3 25 15 11
21  7  8 22 13  9 12  5 16 20  6 15 24  2 23  4 18 14  1 17 25 19 10 11  3
25  3 11 10 19  4 14 17 18  1  8 22 21 13  7  6  2 15 24 23 20 16 12  9  5
20  5  9 12 16  6 15 23  2 24 11 10 25 19  3  8 13 22 21  7  1 18 14  4 17
24 23  6 15  2 11 10  3 19 25  4 14  1 18 17  9 16 12 20  5 21 13 22  8  7
 1 17  4 14 18  8 22  7 13 21  9 12 20 16  5 11 19 10 25  3 24  2 15  6 23
22 13  7  9 20  5  6 16 24 12 23 11 15 25  2 17 21  8 14 18 10  1  4  3 19
12 16  5  6 24 23 11  2 25 15  3  4 10  1 19  7 20  9 22 13 14 21  8 17 18
14 18 17  8 21  7  9 13 20 22  5  6 12 24 16  3  1  4 10 19 15 25 11 23  2
10 19  3  4  1 17  8 18 21 14  7  9 22 20 13 23 25 11 15  2 12 24  6  5 16
15  2 23 11 25  3  4 19  1 10 17  8 14 21 18  5 24  6 12 16 22 20  9  7 13
