Board 1
==================================================

25 23 14 12  5 17 18 11  6 21  8 13  3 22 15  4 10 20  7 19 16 24  1  9  2
24  1  9 16  2 13  8  3 22 15  5 25 23 14 12 21 17 18  6 11  4 10 19  7 20
13  3 22 15  8 10 20 19  7  4 18 17 11  6 21 16 24  2  9  1 12 25 23 14  5
10 19  7  4 20 25  5 23 14 12  2 24  1  9 16 15 13  8 22  3 21 17 11  6 18
17 11  6 21 18 24  2  1  9 16 20 10 19  7  4 12 25  5 14 23 15 13  3 22  8
 5 21 23 25  6 18  9 16 11 17  7  8  4  3 13 10 20 14 19 12 24  2 15  1 22
20 12 19 10 14  5  6 21 23 25 22  2 15  1 24 13  8  7  3  4 17 18 16 11  9
18 16 11 17  9  2 22 15  1 24 14 20 12 19 10 25  5  6 23 21 13  8  4  3  7
 8  4  3 13  7 20 14 12 19 10  9 18 16 11 17 24  2 22  1 15 25  5 21 23  6
 2 15  1 24 22  8  7  4  3 13  6  5 21 23 25 17 18  9 11 16 10 20 12 19 14
 4  7  8  3 10 12 25 14 20 19 24 16  9 18 11  1 15 13  2 22 23 21  6  5 17
16  9 18 11 24 15 13 22  2  1 25 12 14 20 19 23 21 17  5  6  3  4  7  8 10
21  6  5 23 17 16 24  9 18 11 10  4  7  8  3 19 12 25 20 14  1 15 22  2 13
12 14 20 19 25 21 17  6  5 23 13 15 22  2  1  3  4 10  8  7 11 16  9 18 24
15 22  2  1 13  4 10  7  8  3 17 21  6  5 23 11 16 24 18  9 19 12 14 20 25
14 25 12 20 23  6 11 17 21  5  3 22 13 15  2  8  7 19  4 10 18  9 24 16  1
 7 10  4  8 19 14 23 25 12 20  1  9 24 16 18  2 22  3 15 13  5  6 17 21 11
22 13 15  2  3  7 19 10  4  8 11  6 17 21  5 18  9  1 16 24 20 14 25 12 23
 6 17 21  5 11  9  1 24 16 18 19  7 10  4  8 20 14 23 12 25  2 22 13 15  3
 9 24 16 18  1 22  3 13 15  2 23 14 25 12 20  5  6 11 21 17  8  7 10  4 19
 3  8 13 22  4 19 12 20 10  7 16 11 18 17  6  9  1 15 24  2 14 23  5 25 21
19 20 10  7 12 23 21  5 25 14 15  1  2 24  9 22  3  4 13  8  6 11 18 17 16
11 18 17  6 16  1 15  2 24  9 12 19 20 10  7 14 23 21 25  5 22  3  8 13  4
23  5 25 14 21 11 16 18 17  6  4  3  8 13 22  7 19 12 10 20  9  1  2 24 15
 1  2 24  9 15  3  4  8 13 22 21 23  5 25 14  6 11 16 17 18  7 19 20 10 12
